8 30
940 246 2530
939 246 2511
938 248 2529
939 245 2696
941 243 2462
935 242 2446
937 245 2443
935 243 2456
935 241 2440
935 244 2458
939 243 2461
934 243 2453
936 240 2441
936 241 2434
938 241 2454
938 242 2436
938 240 2432
934 242 2434
935 242 2436
936 242 2454
934 242 2442
936 243 2454
934 242 2438
940 242 2644
938 242 2509
962 263 2804
982 265 2580
947 244 2663
937 242 2453
936 241 2432
943 152 1389
937 153 1370
934 152 1365
939 152 1369
939 146 1369
937 148 1349
940 155 1380
935 150 1363
935 149 1350
943 151 1345
934 153 1349
935 147 1370
934 151 1344
937 150 1353
938 149 1370
935 152 1359
936 153 1356
937 149 1352
934 153 1375
937 152 1384
934 150 1349
935 147 1361
934 153 1344
937 150 1361
937 150 1338
934 147 1366
935 148 1372
937 149 1350
936 149 1351
935 152 1375
936 121 992
934 122 981
935 119 960
939 125 976
937 120 960
936 129 958
935 127 986
934 123 988
935 123 985
937 123 995
935 120 983
936 123 985
935 121 963
934 119 966
935 123 975
945 122 967
939 122 967
936 127 986
936 122 985
936 124 985
935 121 960
935 124 985
936 123 958
935 124 989
946 122 976
937 123 965
937 130 981
935 125 976
935 125 989
935 127 1013
935 111 787
936 124 783
941 116 783
938 112 781
935 113 782
934 121 781
947 106 786
935 120 785
940 115 788
938 128 787
937 108 782
935 117 788
940 124 783
937 121 781
935 120 785
937 124 782
935 125 785
934 123 786
935 114 780
936 129 786
935 118 781
940 124 779
936 110 784
939 112 788
938 106 794
944 125 779
938 123 785
937 110 788
935 110 784
934 106 785
936 113 746
935 121 724
937 112 727
934 114 784
934 115 730
934 110 747
940 107 747
940 106 771
935 114 730
936 113 745
936 115 753
941 121 785
935 111 783
934 114 752
939 111 781
936 112 793
939 106 749
937 120 748
937 106 732
936 117 780
941 105 731
936 107 778
934 115 793
936 114 768
936 116 749
938 115 730
939 111 795
937 107 758
938 108 780
935 108 733
936 117 682
938 114 702
937 108 699
938 108 693
939 110 698
933 108 669
935 118 711
933 116 685
936 118 686
938 107 705
940 110 697
936 115 696
938 116 710
938 129 681
935 109 702
938 109 700
939 187 761
964 109 708
949 123 705
944 119 688
953 122 714
979 117 741
944 113 763
1013 117 688
938 110 683
941 118 683
936 117 687
936 108 696
948 110 703
935 107 688
937 108 652
933 115 649
941 118 622
935 119 656
936 114 647
937 113 649
940 115 661
967 117 636
935 121 647
935 129 629
935 109 650
935 124 647
938 117 639
936 119 649
935 115 643
935 119 631
934 122 649
935 118 651
934 115 645
938 118 647
935 108 641
937 119 651
939 123 633
933 110 641
934 114 645
936 111 637
937 118 643
938 115 636
965 115 651
936 114 641
937 126 605
934 130 605
936 120 616
939 119 604
936 119 606
938 119 609
938 124 606
937 116 606
935 132 607
939 117 607
936 119 602
935 118 606
935 118 606
934 118 603
936 121 612
934 121 606
935 121 605
939 116 604
934 122 617
936 121 607
937 111 618
942 129 610
936 128 608
943 132 610
936 122 601
934 115 604
935 115 602
934 115 606
940 122 605
942 117 617
